00300020005040110000200030040000
02000500200401301103002004000500
00341005000311512150200300400040
20010030002013121011050040030020
03004001010151131211500300200400
30040021102131152131120003001005
00300400211011311210141030020010
20030040150120130041015100100200
00200101041211300401211400502010
10040021131150010020131140005002
30204015100103040030121130020050
20040051031020010020043150002003
01002013014105001002013114005001
00200501511410300200101211300400
20030041151120030040051121050030
01002013104105001002003144005001
00200010101120030040051131020040
10002013124101002005002112003004
02003004315101002002002413004004
00100201311400400400531211300400
20030030141150050020031121140030
03004005110100300201004121000302
00203004101510302010031011400305
50020010101510300200111410002001
02003040151120102003114115003002
00200300410110050031121214050030
20300400210150014131001310200302
02030401031500141133214100201050
00300201002101340012012115030401
50302001020131001214003040102003
02030040500312100141310201002030
00403002010010311415030201030402
